# Created by Octave 2.1.50, Thu Nov 16 13:28:52 2006 CET <mathiasl@qcllx07.physto.se>
# name: mD
# type: scalar
2.014101778
# name: mH
# type: scalar
1.007825032
# name: mO
# type: scalar
15.99491463
